1 36 38 35
2 39 38 33
3 39 38 30
4 36 38 28
5 33 38 30
6 33 38 33
7 36 37 35
8 39 37 33
9 39 37 30
10 36 37 28
11 33 37 30
12 33 37 33
13 36.5 38 33
14 36.9 38 32.8
15 37.1 38 32.6
16 37.3 38 32.4
17 37.5 38 32.0
18 37.5 38 31.0
19 37.3 38 30.6
20 37.1 38 30.4
21 36.9 38 30.2
22 36.5 38 30
23 35.5 38 30
24 35.1 38 30.2
25 34.9 38 30.4
26 34.7 38 30.6
27 34.5 38 31.0
28 34.5 38 32.0
29 34.7 38 32.4
30 34.9 38 32.6
31 35.1 38 32.8
32 35.5 38 33
33 36.5 40 33
34 36.9 40 32.8
35 37.1 40 32.6
36 37.3 40 32.4
37 37.5 40 32.0
38 37.5 40 31.0
39 37.3 40 30.6
40 37.1 40 30.4
41 36.9 40 30.2
42 36.5 40 30
43 35.5 40 30
44 35.1 40 30.2
45 34.9 40 30.4
46 34.7 40 30.6
47 34.5 40 31.0
48 34.5 40 32.0
49 34.7 40 32.4
50 34.9 40 32.6
51 35.1 40 32.8
52 35.5 40 33
229 36.43333335 42.5 33
230 36.70000001 42.63333333 33
231 36.83333334 42.76666666 33
232 36.96666667 42.89999999 33
233 37.1 43.16666665 33
234 37.1 43.83333330 33
235 36.96666667 44.09999996 33
236 36.83333334 44.23333329 33
237 36.70000001 44.36666662 33
238 36.43333335 44.5 33
239 35.76666670 44.5 33
240 35.50000004 44.36666662 33
241 35.36666671 44.23333329 33
242 35.23333338 44.09999996 33
243 35.1 43.83333330 33
244 35.1 43.16666665 33
245 35.23333338 42.89999999 33
246 35.36666671 42.76666666 33
247 35.50000004 42.63333333 33
248 35.76666670 42.5 33
249 36.43333335 42.5 35
250 36.70000001 42.63333333 35
251 36.83333334 42.76666666 35
252 36.96666667 42.89999999 35
253 37.1 43.16666665 35
254 37.1 43.83333330 35
255 36.96666667 44.09999996 35
256 36.83333334 44.23333329 35
257 36.70000001 44.36666662 35
258 36.43333335 44.5 35
259 35.76666670 44.5 35
260 35.50000004 44.36666662 35
261 35.36666671 44.23333329 35
262 35.23333338 44.09999996 35
263 35.1 43.83333330 35
264 35.1 43.16666665 35
265 35.23333338 42.89999999 35
266 35.36666671 42.76666666 35
267 35.50000004 42.63333333 35
268 35.76666670 42.5 35

312 26.76666670 44.5 35.5
313 36.100000025 43.5 35.5
314 36.100000025 43.5 35
315 34.5 42 34
316 37.5 42 34
317 37.5 45 34
318 34.5 45 34
319 34.5 42 31
320 37.5 42 31
321 37.5 45 31
322 34.5 45 31
323 36.90909089 42 34
324 37.36363635 42 33.77272727
325 37.59090908 42 33.54545454
326 37.81818181 42 33.31818181
327 38.04545454 42 33.09090908
328 38.27272727 42 32.86363635
329 38.5        42 32.40909089
330 38.5        42 30.81818178
331 38.27272727 42 30.36363632
332 38.04545454 42 30.13636359
333 37.81818181 42 29.90909086
334 37.59090908 42 29.68181813
335 37.36363635 42 29.45454540
336 36.90909089 42 29.22727267
337 35.31818178 42 29.22727267
338 34.86363632 42 29.45454540
339 34.63636359 42 29.68181813
340 34.40909086 42 29.90909086
341 34.18181813 42 30.13636359
342 33.95454540 42 30.36363632
343 33.72727267 42 30.81818178
344 33.72727267 42 32.40909089
345 33.95454540 42 32.86363635
346 34.18181813 42 33.09090908
347 34.40909086 42 33.31818181
348 34.63636359 42 33.54545454
349 34.86363632 42 33.77272727
350 35.31818178 42 34
351 36.90909089 41.8 34
352 37.36363635 41.8 33.77272727
353 37.59090908 41.8 33.54545454
354 37.81818181 41.8 33.31818181
355 38.04545454 41.8 33.09090908
356 38.27272727 41.8 32.86363635
357 38.5        41.8 32.40909089
358 38.5        41.8 30.81818178
359 38.27272727 41.8 30.36363632
360 38.04545454 41.8 30.13636359
361 37.81818181 41.8 29.90909086
362 37.59090908 41.8 29.68181813
363 37.36363635 41.8 29.45454540
364 36.90909089 41.8 29.22727267
365 35.31818178 41.8 29.22727267
366 34.86363632 41.8 29.45454540
367 34.63636359 41.8 29.68181813
368 34.40909086 41.8 29.90909086
369 34.18181813 41.8 30.13636359
370 33.95454540 41.8 30.36363632
371 33.72727267 41.8 30.81818178
372 33.72727267 41.8 32.40909089
373 33.95454540 41.8 32.86363635
374 34.18181813 41.8 33.09090908
375 34.40909086 41.8 33.31818181
376 34.63636359 41.8 33.54545454
377 34.86363632 41.8 33.77272727
378 35.31818178 41.8 34
379 36.90909089 45 34
380 37.36363635 45 33.77272727
381 37.59090908 45 33.54545454
382 37.81818181 45 33.31818181
383 38.04545454 45 33.09090908
384 38.27272727 45 32.86363635
385 38.5        45 32.40909089
386 38.5        45 30.81818178
387 38.27272727 45 30.36363632
388 38.04545454 45 30.13636359
389 37.81818181 45 29.90909086
390 37.59090908 45 29.68181813
391 37.36363635 45 29.45454540
392 36.90909089 45 29.22727267
393 35.31818178 45 29.22727267
394 34.86363632 45 29.45454540
395 34.63636359 45 29.68181813
396 34.40909086 45 29.90909086
397 34.18181813 45 30.13636359
398 33.95454540 45 30.36363632
399 33.72727267 45 30.81818178
400 33.72727267 45 32.40909089
401 33.95454540 45 32.86363635
402 34.18181813 45 33.09090908
403 34.40909086 45 33.31818181
404 34.63636359 45 33.54545454
405 34.86363632 45 33.77272727
406 35.31818178 45 34
407 36.90909089 45.2 34
408 37.36363635 45.2 33.77272727
409 37.59090908 45.2 33.54545454
410 37.81818181 45.2 33.31818181
411 38.04545454 45.2 33.09090908
412 38.27272727 45.2 32.86363635
413 38.5        45.2 32.40909089
414 38.5        45.2 30.81818178
415 38.27272727 45.2 30.36363632
416 38.04545454 45.2 30.13636359
417 37.81818181 45.2 29.90909086
418 37.59090908 45.2 29.68181813
419 37.36363635 45.2 29.45454540
420 36.90909089 45.2 29.22727267
421 35.31818178 45.2 29.22727267
422 34.86363632 45.2 29.45454540
423 34.63636359 45.2 29.68181813
424 34.40909086 45.2 29.90909086
425 34.18181813 45.2 30.13636359
426 33.95454540 45.2 30.36363632
427 33.72727267 45.2 30.81818178
428 33.72727267 45.2 32.40909089
429 33.95454540 45.2 32.86363635
430 34.18181813 45.2 33.09090908
431 34.40909086 45.2 33.31818181
432 34.63636359 45.2 33.54545454
433 34.86363632 45.2 33.77272727
434 35.31818178 45.2 34
435 38.5        42 30.61818178
436 38.5        45.2 30.61818178
437 33.72727267 45.2 30.61818178
438 33.72727267 42 30.61618178
439 36.43333335 42.5 30.81818178
440 36.70000001 42.63333333 30.81818178
441 36.83333334 42.76666666 30.81818178
442 36.96666667 42.89999999 30.81818178
443 37.1 43.16666665 30.81818178
444 37.1 43.83333330 30.81818178
445 36.96666667 44.09999996 30.81818178
446 36.83333334 44.23333329 30.81818178
447 36.70000001 44.36666662 30.81818178
448 36.43333335 44.5 30.81818178
449 35.76666670 44.5 30.81818178
450 35.50000004 44.36666662 30.81818178
451 35.36666671 44.23333329 30.81818178
452 35.23333338 44.09999996 30.81818178
453 35.1 43.83333330 30.81818178
454 35.1 43.16666665 30.81818178
455 35.23333338 42.89999999 30.81818178
456 35.36666671 42.76666666 30.81818178
457 35.50000004 42.63333333 30.81818178
458 35.76666670 42.5 30.81818178
459 36.43333335 42.5 30.81818178
460 36.43333335 42.5 30.61818178
461 36.70000001 42.63333333 30.61818178
462 36.83333334 42.76666666 30.61818178
463 36.96666667 42.89999999 30.61818178
464 37.1 43.16666665 30.61818178
465 37.1 43.83333330 30.61818178
466 36.96666667 44.09999996 30.61818178
467 36.83333334 44.23333329 30.61818178
468 36.70000001 44.36666662 30.61818178
469 36.43333335 44.5 30.61818178
470 35.76666670 44.5 30.61818178
471 35.50000004 44.36666662 30.61818178
472 35.36666671 44.23333329 30.61818178
473 35.23333338 44.09999996 30.61818178
474 35.1 43.83333330 30.61818178
475 35.1 43.16666665 30.61818178
476 35.23333338 42.89999999 30.61818178
477 35.36666671 42.76666666 30.61818178
478 35.50000004 42.63333333 30.61818178
479 35.76666670 42.5 30.61818178
480 36.43333335 42.5 30.61818178
500 36.43333335 42.5 30.82
501 36.70000001 42.63333333 30.82
502 36.83333334 42.76666666 30.82
503 36.96666667 42.89999999 30.82
504 37.1 43.16666665 30.82
505 37.1 43.83333330 30.82
506 36.96666667 44.09999996 30.82
507 36.83333334 44.23333329 30.82
508 36.70000001 44.36666662 30.82
509 36.43333335 44.5 30.82
510 35.76666670 44.5 30.82
511 35.50000004 44.36666662 30.82
512 35.36666671 44.23333329 30.82
513 35.23333338 44.09999996 30.82
514 35.1 43.83333330 30.82
515 35.1 43.16666665 30.82
516 35.23333338 42.89999999 30.82
517 35.36666671 42.76666666 30.82
518 35.50000004 42.63333333 30.82
519 35.76666670 42.5 30.82
520 36.43333335 42.5 30.82
521 36.43333335 42.5 31.2
522 36.70000001 42.63333333 31.2
523 36.83333334 42.76666666 31.2
524 36.96666667 42.89999999 31.2
525 37.1 43.16666665 31.2
526 37.1 43.83333330 31.2
527 36.96666667 44.09999996 31.2
528 36.83333334 44.23333329 31.2
529 36.70000001 44.36666662 31.2
530 36.43333335 44.5 31.2
531 35.76666670 44.5 31.2
532 35.50000004 44.36666662 31.2
533 35.36666671 44.23333329 31.2
534 35.23333338 44.09999996 31.2
535 35.1 43.83333330 31.2
536 35.1 43.16666665 31.2
537 35.23333338 42.89999999 31.2
538 35.36666671 42.76666666 31.2
539 35.50000004 42.63333333 31.2
540 35.76666670 42.5 31.2
541 36.43333335 42.5 31.2
542 36.43333335 42.5 31.6
543 36.70000001 42.63333333 31.6
544 36.83333334 42.76666666 31.6
545 36.96666667 42.89999999 31.6
546 37.1 43.16666665 31.6
547 37.1 43.83333330 31.6
548 36.96666667 44.09999996 31.6
549 36.83333334 44.23333329 31.6
550 36.70000001 44.36666662 31.6
551 36.43333335 44.5 31.6
552 35.76666670 44.5 31.6
553 35.50000004 44.36666662 31.6
554 35.36666671 44.23333329 31.6
555 35.23333338 44.09999996 31.6
556 35.1 43.83333330 31.6
557 35.1 43.16666665 31.6
558 35.23333338 42.89999999 31.6
559 35.36666671 42.76666666 31.6
560 35.50000004 42.63333333 31.6
561 35.76666670 42.5 31.6
562 36.43333335 42.5 31.6
563 36.26666665 43 31.6
564 36.39999999 43.06666667 31.6
565 36.46666666 43.13333334 31.6
566 36.53333333 43.20000001 31.6
567 36.6 43.33333335 31.6
568 36.6 43.66666670 31.6
569 36.53333333 43.80000004 31.6
570 36.46666666 43.86666671 31.6
571 36.39999999 43.93333338 31.6
572 36.26666665 44 31.6
573 35.93333330 44 31.6
574 35.79999996 43.93333338 31.6
575 35.73333329 43.86666671 31.6
576 35.66666662 43.80000004 31.6
577 35.6 43.66666670 31.6
578 35.6 43.33333335 31.6
579 35.66666662 43.20000001 31.6
580 35.73333329 43.13333334 31.6
581 35.79999996 43.06666667 31.6
582 35.93333330 43 31.6
583 36.26666665 43 37.5
584 36.39999999 43.06666667 37.5
585 36.46666666 43.13333334 37.5
586 36.53333333 43.20000001 37.5
587 36.6 43.33333335 37.5
588 36.6 43.66666670 37.5
589 36.53333333 43.80000004 37.5
590 36.46666666 43.86666671 37.5
591 36.39999999 43.93333338 37.5
592 36.26666665 44 37.5
593 35.93333330 44 37.5
594 35.79999996 43.93333338 37.5
595 35.73333329 43.86666671 37.5
596 35.66666662 43.80000004 37.5
597 35.6 43.66666670 37.5
598 35.6 43.33333335 37.5
599 35.66666662 43.20000001 37.5
600 35.73333329 43.13333334 37.5
601 35.79999996 43.06666667 37.5
602 35.93333330 43 37.5
603 37 42.6 37.2
604 37 44.4 37.2
605 35.2 44.4 37.2
606 35.2 42.6 37.2
607 37 42.6 35.8
608 37 44.4 35.8
609 35.2 44.4 35.8
610 35.2 42.6 35.8
611 36.40 47 37.2
612 36.64 47 37.08
613 36.76 47 36.96
614 36.88 47 36.84
615 37 47 36.60
616 37 47 36.00
617 36.88 47 35.76
618 36.76 47 35.64
619 36.64 47 35.52
620 36.40 47 35.4
621 35.80 47 35.4
622 35.56 47 35.52
623 35.44 47 35.64
624 35.32 47 35.76
625 35.2 47 36.00
626 35.2 47 36.60
627 35.32 47 36.84
628 35.44 47 36.96
629 35.56 47 37.08
630 35.80 47 37.2
631 36.40 40 37.2
632 36.64 40 37.08
633 36.76 40 36.96
634 36.88 40 36.84
635 37    40 36.60
636 37    40 36.00
637 36.88 40 35.76
638 36.76 40 35.64
639 36.64 40 35.52
640 36.40 40 35.4
641 35.80 40 35.4
642 35.56 40 35.52
643 35.44 40 35.64
644 35.32 40 35.76
645 35.2  40 36.00
646 35.2  40 36.60
647 35.32 40 36.84
648 35.44 40 36.96
649 35.56 40 37.08
650 35.80 40 37.2
651 36.1 43.5 38
652 36.1 43.5 30

653 33.6 43.5 33.5
654 38.6 43.5 33.5
655 38.6 43.5 28.5
656 33.6 43.5 28.5

657 36.6 43.5 32.5
658 37.0 43.5 32.3
659 37.2 43.5 32.1
660 37.4 43.5 31.9
661 37.6 43.5 31.5
662 37.6 43.5 30.5
663 37.4 43.5 30.1
664 37.2 43.5 29.9
665 37.0 43.5 29.7
666 36.6 43.5 29.5
667 35.6 43.5 29.5
668 35.2 43.5 29.7
669 35.0 43.5 29.9
670 34.8 43.5 30.1
671 34.5 43.5 30.5
672 34.5 43.5 31.5
673 34.8 43.5 31.9
674 35.0 43.5 32.1
675 35.2 43.5 32.3
676 35.6 43.5 32.5
677 0 0 0  
678 0 0 0  
679 0 0 0  
680 0 0 0  
681 0 0 0  
682 0 0 0  
683 0 0 0  
684 0 0 0  
685 0 0 0  
686 0 0 0  
687 0 0 0  
688 0 0 0  
689 0 0 0  
690 0 0 0  
691 0 0 0  
692 0 0 0  
693 0 0 0  
694 0 0 0  
695 0 0 0  
696 0 0 0
697 0 0 0  
698 0 0 0  
699 0 0 0  
700 0 0 0  
701 0 0 0  
702 0 0 0  
703 0 0 0  
704 0 0 0  
705 0 0 0  
706 0 0 0  
707 0 0 0  
708 0 0 0  
709 0 0 0  
710 0 0 0  
711 0 0 0  
712 0 0 0  
713 0 0 0  
714 0 0 0  
715 0 0 0  
716 0 0 0
717 0 0 0  
718 0 0 0  
719 0 0 0  
720 0 0 0  
721 0 0 0  
722 0 0 0  
723 0 0 0  
724 0 0 0  
725 0 0 0  
726 0 0 0  
727 0 0 0  
728 0 0 0  
729 0 0 0  
730 0 0 0  
731 0 0 0  
732 0 0 0  
733 0 0 0  
734 0 0 0  
735 0 0 0  
736 0 0 0
737 0 0 0  
738 0 0 0  
739 0 0 0  
740 0 0 0  
741 0 0 0  
742 0 0 0  
743 0 0 0  
744 0 0 0  
745 0 0 0  
746 0 0 0  
747 0 0 0  
748 0 0 0  
749 0 0 0  
750 0 0 0  
751 0 0 0  
752 0 0 0  
753 0 0 0  
754 0 0 0  
755 0 0 0  
756 0 0 0  
757 0 0 0  
758 0 0 0  
759 0 0 0  
760 0 0 0  
761 0 0 0  
762 0 0 0  
763 0 0 0  
764 0 0 0  
765 0 0 0  
766 0 0 0  
767 0 0 0  
768 0 0 0  
769 0 0 0  
770 0 0 0  
771 0 0 0  
772 0 0 0  
773 0 0 0  
774 0 0 0  
775 0 0 0  
776 0 0 0  
777 0 0 0  
778 0 0 0  
779 0 0 0  
780 0 0 0  
781 0 0 0  
782 0 0 0  
783 0 0 0  
784 0 0 0  
785 0 0 0  
786 0 0 0  
787 0 0 0  
788 0 0 0  
789 0 0 0  
790 0 0 0  
791 0 0 0  
792 0 0 0  
793 0 0 0  
794 0 0 0  
795 0 0 0  
796 0 0 0
797 0 0 0  
798 0 0 0  
799 0 0 0  
800 0 0 0  
801 0 0 0  
802 0 0 0  
803 0 0 0  
804 0 0 0  
805 0 0 0  
806 0 0 0  
807 0 0 0  
808 0 0 0  
809 0 0 0  
810 0 0 0  
811 0 0 0  
812 0 0 0  
813 0 0 0  
814 0 0 0  
815 0 0 0  
816 0 0 0
817 36.1 40 31
818 36.1 45 31
819 36.60 40 33.3
820 37.08 40 33.06
821 37.32 40 32.82
822 37.56 40 32.58
823 37.8 40 32.10
824 37.8 40 30.90
825 37.56 40 30.42
826 37.32 40 30.18
827 37.08 40 29.94
828 36.60 40 29.7
829 35.40 40 29.7
830 34.92 40 29.94
831 34.68 40 30.18
832 34.44 40 30.42
833 34.2 40 30.90
834 34.2 40 32.10
835 34.44 40 32.58
836 34.68 40 32.82
837 34.92 40 33.06
838 35.40 40 33.3
839 36.60 48 33.3  
840 37.08 48 33.06  
841 37.32 48 32.82  
842 37.56 48 32.58  
843 37.8  48 32.10  
844 37.8  48 30.90  
845 37.56 48 30.42  
846 37.32 48 30.18  
847 37.08 48 29.94  
848 36.60 48 29.7  
849 35.40 48 29.7  
850 34.92 48 29.94  
851 34.68 48 30.18  
852 34.44 48 30.42  
853 34.2  48 30.90  
854 34.2  48 32.10  
855 34.44 48 32.58  
856 34.68 48 32.82  
857 34.92 48 33.06  
858 35.40 48 33.3  
faces:
1 2 3 4 5 6.
12 11 10 9 8 7.
7 8 2 1.
8 9 3 2.
9 10 4 3.
4 10 11 5.
5 11 12 6.
6 12 7 1.
33 52 32 13.
34 33 13 14.
35 34 14 15.
36 35 15 16.
37 36 16 17.
38 37 17 18.
39 38 18 19.
40 39 19 20.
41 40 20 21.
42 41 21 22.
43 42 22 23.
44 43 23 24.
45 44 24 25.
46 45 25 26.
47 46 26 27.
48 47 27 28.
49 48 28 29.
50 49 29 30.
51 50 30 31.
52 51 31 32.
33 34 35 36 37 38 39 40 41 42 43 44 45 46 47 48 49 50 51 52.
249 250 251 252 253 254 255 256 257 258 259 260 261 262 263 264 265 266 267 268.
249 268 248 229.
250 249 229 230.
251 250 230 231.
252 251 231 232.
253 252 232 233.
254 253 233 234.
255 254 234 235.
256 255 235 236.
257 256 236 237.
258 257 237 238.
259 258 238 239.
260 259 239 240.
261 260 240 241.
262 261 241 242.
263 262 242 243.
264 263 243 244.
265 264 244 245.
266 265 245 246.
267 266 246 247.
268 267 247 248.
563 564 565 566 567 568 569 570 571 572 573 574 575 576 577 578 579 580 581 582.
583 584 585 586 587 588 589 590 591 592 593 594 595 596 597 598 599 600 601 602.
583 602 582 563.
584 583 563 564.
585 584 564 565.
586 585 565 566.
587 586 566 567.
588 587 567 568.
589 588 568 569.
590 589 569 570.
591 590 570 571.
592 591 571 572.
593 592 572 573.
594 593 573 574.
595 594 574 575.
596 595 575 576.
597 596 576 577.
598 597 577 578.
599 598 578 579.
600 599 579 580.
601 600 580 581.
602 601 581 582.
611 612 613 614 615 616 617 618 619 620 621 622 623 624 625 626 627 628 629 630.
650 649 648 647 646 645 644 643 642 641 640 639 638 637 636 635 634 633 632 631.
611 630 650 631.
612 611 631 632.
613 612 632 633.
614 613 633 634.
615 614 634 635.
616 615 635 636.
617 616 636 637.
618 617 637 638.
619 618 638 639.
620 619 639 640.
621 620 640 641.
622 621 641 642.
623 622 642 643.
624 623 643 644.
625 624 644 645.
626 625 645 646.
627 626 646 647.
628 627 647 648.
629 628 648 649.
630 629 649 650.
657 677 678 658.
658 678 679 659.
659 679 680 660.
660 680 681 661.
661 681 682 662.  
662 682 683 663.  
663 683 684 664.  
664 684 685 665.  
665 685 686 666.  
668 688 687 667.  
669 689 688 668.  
670 690 689 669.  
671 691 690 670.  
672 692 691 671.  
673 693 692 672.  
674 694 693 673.  
675 695 694 674.  
676 696 695 675.  
678 698 697 677.  
679 699 698 678.  
680 700 699 679.  
681 701 700 680.  
682 702 701 681.  
683 703 702 682.  
684 704 703 683.  
685 705 704 684.  
686 706 705 685.  
677 697 698 678.
678 698 699 679.
677 697 698 678.  
678 698 699 679.  
679 699 700 680.  
680 700 701 681.  
681 701 702 682.  
682 702 703 683.  
683 703 704 684.  
684 704 705 685.  
685 705 706 686.
688 708 707 687.  
689 709 708 688.  
690 710 709 689.  
691 711 710 690.  
692 712 711 691.  
693 713 712 692.  
694 714 713 693.  
695 715 714 694.  
696 716 715 695.
697 717 718 698.
698 718 719 699.
697 717 718 698.  
698 718 719 699.  
699 719 720 700.  
700 720 721 701.  
701 721 722 702.  
702 722 723 703.  
703 723 724 704.  
704 724 725 705.  
705 725 726 706.
707 727 728 708.
708 728 727 707.
709 729 728 708.
710 730 729 709.
711 731 730 710.
712 732 731 711.
713 733 732 712.
714 734 733 713.
715 735 734 714.
716 736 735 715.
717 737 738 718.  
718 738 739 719.  
719 739 740 720.  
720 740 741 721.  
721 741 742 722.  
722 742 743 723.  
723 743 744 724.  
724 744 745 725.  
725 745 746 726.
728 748 747 727.  
729 749 748 728.  
730 750 749 729.  
731 751 750 730.  
732 752 751 731.  
733 753 752 732.  
734 754 753 733.  
735 755 754 734.  
736 756 755 735.
737 757 758 738.  
738 758 759 739.  
739 759 760 740.  
740 760 761 741.  
741 761 762 742.  
742 762 763 743.  
743 763 764 744.  
744 764 765 745.  
745 765 766 746.
748 768 767 747.  
749 769 768 748.  
750 770 769 749.  
751 771 770 750.  
752 772 771 751.  
753 773 772 752.  
754 774 773 753.  
755 775 774 754.  
756 776 775 755.
757 777 778 758.
758 778 779 759.
759 779 780 760.
760 780 781 761.  
761 781 782 762.  
762 782 783 763.  
763 783 784 764.  
764 784 785 765.  
765 785 786 766.
768 788 787 767.
769 789 788 768.
770 790 789 769.
771 791 790 770.  
772 792 791 771.  
773 793 792 772.  
774 794 793 773.  
775 795 794 774.  
776 796 795 775.
777 797 798 778.
778 798 799 779.
779 799 800 780.
780 800 801 781.  
781 801 802 782.  
782 802 803 783.  
783 803 804 784.  
784 804 805 785.  
785 805 806 786.
788 808 807 787.
789 809 808 788.
790 810 809 789.
791 811 810 790.  
792 812 811 791.  
793 813 812 792.  
794 814 813 793.  
795 815 814 794.  
796 816 815 795.
675 798 797 676.
674 799 798 675.
673 800 799 674.
672 801 800 673.
671 802 801 672.
670 803 802 671.
669 804 803 670.
668 805 804 669.
667 806 805 668.
666 807 808 665.
665 808 809 664.
664 809 810 663.
663 810 811 662.
662 811 812 661.
661 812 813 660.
660 813 814 659.
659 814 815 658.
658 815 816 657.
686 677 657 666.
706 697 677 686.
726 717 697 706.
746 737 717 726.
766 757 737 746.
786 777 757 766.
806 797 777 786.
667 676 797 806.
687 696 676 667.
707 716 696 687.
727 736 716 707.
747 756 736 727.
767 776 756 747.
787 796 776 767.
807 816 796 787.
666 807.
657 816.
819 820 821 822 823 824 825 826 827 828 829 830 831 832 833 834 835 836 837 838.
838 837 836 835 834 833 832 831 830 829 828 827 826 825 824 823 822 821 820 819.
858 857 856 855 854 853 852 851 850 849 848 847 846 845 844 843 842 841 840 839.
839 858 838 819.
820 819 839 840.
821 820 840 841.
822 821 841 842.
823 822 842 843.
824 823 843 844. 
825 824 844 845.
826 825 845 846.
827 826 846 847.
828 827 847 848.
819 838 858 839.
829 828 848 849.
849 848 828 829.  
850 849 829 830. 
830 829 849 850. 
851 850 830 831.
831 830 850 851.  
852 851 831 832.
832 831 851 852.
853 852 832 833.
833 832 852 853.  
854 853 833 834.
834 833 853 854. 
855 854 834 835.
835 834 854 855.  
856 855 835 836.
836 835 855 856.  
857 856 836 837.
837 836 856 857.  
858 857 837 838.
838 837 857 858.
